#JOSM PicLayer plugin calibration data
#Sun Dec 29 03:27:27 GMT+03:00 2024
INITIAL_SCALE=614206.7838248479
M00=0.1340691710812243
M01=0.11178421503018976
M02=-386.86838646376117
M10=-0.11178421503018976
M11=0.1340691710812243
M12=-306.41802910912236
POSITION_X=2618516.272579017
POSITION_Y=3006538.8900671597
